P1,2,302,7,95,5,89,9,51,7,56,7,53,9,86,9,64,6,78,7,81,9,89,8
P2,1,455,10,87,9,74,9,55,9,77,10,75,5,54,8,88,9,71,5,73,6,94,6,65,7,62,6
P3,3,835,8,91,5,57,7,97,9,64,7,71,7,59,7,82,9,88,10,71,10,61,9,73,9,53,10,67,10,73,6
P4,3,750,6,92,7,54,6,91,8,89,7,79,8,82,7,53,9,50,7,82,8,89,9,84,7,75,5,78,10,59,5,87,6,97,8,91,7,81,8,100,7
P5,3,646,9,64,6,54,7,83,7,51,8,71,9,78,5,66,10,91,9,73,7,84,10,97,5,63,10,86,10
P6,1,768,7,76,6,100,5,100,9,75,6,52,10,55,10,75,5,53,5,65,9,50,5,97,6,96,10,62,8,73,6,73,7,64,8,71,6,98,5,54,10,81,10
P7,2,501,9,58,9,75,9,93,10,89,8,66,9,98,8,95,5,52,9,87,6,73,7,52,9,82,7,67,8
P8,2,838,7,57,7,62,5,90,9,59,7,86,8,70,10,70,5,85,7,89,6,81,5,91,8,65,5,59,8,71,8,74,9
P9,1,259,9,87,6,55,7,57,5,66,9,93,10,79,10,77,6,95,7,77,9,97,8,88,7,74,9,92,7,90,10,59,8,52,8,87,7,60,8,66,7
P10,2,521,6,61,7,88,9,76,7,64,9,67,6,87,6,92,7,93,8,88,9,85,7,93,8,89,10
P11,3,813,5,97,10,74,6,81,7,76,9,97,7,59,5,51,8,73,6,67,10,74,5,78,6,51,7,71,9,79,7
P12,3,49,5,76,8,88,7,52,9,64,9,92,9,69,5,80,7,73,5,61,5,69,10,93,5,73,7,54,7,74,7
P13,2,571,9,55,6,95,7,68,9,61,8,83,7,92,5,94,9,51,5,65,8,99,5,89,5,86,10
P14,3,644,6,87,8,97,10,67,8,56,6,93,10,80,5,63,8,55,6,66,10,67,5,69,7,64,6,59,9,97,9,90,6,88,8,80,9,61,8,59,8,92,8
P15,1,441,10,90,9,58,5,92,5,75,10,97,8,89,6,53,10,52,7,57,7,93,8,66,10,96,10,87,8,80,8,84,10
P16,1,213,8,98,8,62,9,85,5,95,8,82,9,84,7,63,6,53,10,65,8,59,10,90,7,76,5,87,7
P17,3,534,8,56,6,55,6,88,7,72,9,67,10,69,10,77,9,79,8,76,10,90,9,59,5,97,10,58,8,68,5,61,9
P18,3,654,6,77,9,82,8,81,6,74,7,71,6,83,9,99,10,57,9,75,8,60,6,90,7,65,5,56,5,50,10
P19,3,353,6,65,6,87,7,64,8,50,5,59,9,65,8,58,5,80,8,83,6,85,9,60,9,71,9
P20,3,581,8,67,5,76,8,94,8,67,9,89,8,62,8,90,7,57,5,70,5,84,10,60,9,58,8,84,10,71,6,98,7,50,10,55,8
P21,1,476,8,98,5,75,8,59,10,70,5,92,9,85,7,92,7,59,10,71,10,92,8,92,9
P22,3,502,8,79,6,97,6,81,8,65,10,59,7,90,9,98,8,64,6,62,8,66,10,92,6,100,7,88,7
P23,2,926,10,85,7,97,7,63,9,58,9,71,8,55,6,82,5,68,9,71,7,74,9,97,10,50,6,58,9,84,5,54,7
P24,1,653,7,81,6,73,10,62,8,65,7,74,10,88,10,59,5,73,10,79,9,89,10,86,10,70,5,75,7,64,10
P25,1,896,5,83,7,76,5,89,6,92,7,67,5,66,5,85,5,62,8,62,6,59,5,95,7,91,5,82,9,62,6,75,10
P26,2,95,6,84,7,75,9,78,10,67,5,50,5,56,10,85,7,88,9,57,7,84,6,88,9
P27,3,696,5,95,10,59,9,99,6,54,5,89,10,77,5,88,10,98,8,55,9,98,8,58,10,58,9,71,10,61,8,59,7,74,6
P28,2,409,9,73,9,77,7,87,6,67,8,71,5,56,10,52,8,75,10,60,5,78,10,53,6
P29,3,498,10,96,7,95,5,91,9,65,7,79,6,51,5,81,6,62,6,67,9,55,8,54,7,53,9,85,8,52,7,88,5,55,9,64,9,85,5
P30,2,895,7,92,8,93,7,80,10,55,7,64,8,59,9,96,7,82,7,64,6,94,7,71,7,77,7,51,8,67,5,52,7,68,10,86,8,62,10,64,9,86,9
P31,3,323,10,81,8,78,8,90,10,87,9,56,6,94,7,90,10,77,7,98,9,76,5,90,6,100,10,52,6,83,8,90,10,69,7,52,10,71,6
P32,1,335,8,99,8,67,8,86,9,72,8,50,8,70,5,54,6,93,8,76,6,97,7,77,10,81,6,81,10,92,8,76,7,90,5,85,9
P33,3,911,7,80,7,91,7,67,9,58,8,82,7,73,9,64,8,65,5,95,6,64,8,87,8,66,8,90,8,67,8,55,10,83,5,84,6
P34,1,254,8,58,9,94,10,86,10,59,7,90,5,58,6,72,8,83,6,100,9,61,9,50,6,69,5,66,8,59,7,74,10,74,7
P35,3,488,9,93,5,99,7,78,7,88,6,64,6,100,8,83,9,87,7,91,8,80,10,97,8
P36,3,824,8,64,6,58,5,58,5,81,8,79,8,64,8,52,9,74,5,91,5,67,7,75,6,77,9,77,7,93,6,89,9,59,6,70,10,56,8
P37,2,200,7,85,10,89,10,59,5,68,10,51,7,69,8,74,9,80,7,68,5,52,7,55,8,56,9,79,9,78,7,68,5,63,7,80,10
P38,3,963,7,96,9,74,10,68,8,75,9,75,9,62,10,61,5,83,6,91,8,94,9,91,9,79,5,86,8,61,8,52,6,57,5,65,8
P39,3,662,6,93,7,87,8,60,7,53,6,99,8,82,10,82,8,83,7,56,7,80,8,84,8,88,5,58,9,81,7,57,10,72,8,67,9,71,8,91,9,77,9
P40,3,427,8,95,5,58,8,83,9,66,5,61,9,97,5,72,5,55,10,92,8,54,9
P41,2,557,7,60,6,88,6,99,9,74,7,88,7,100,8,79,7,69,8,79,9,89,7,88,7
P42,3,860,8,80,7,97,5,94,7,84,9,53,10,59,6,87,8,97,10,95,8,79,9,97,9,73,7
P43,1,392,10,57,6,61,8,100,9,71,7,93,10,91,9,87,7,60,8,95,9,74,10,96,7,88,9,72,8,85,10,98,10,92,9,94,6
P44,2,294,5,90,6,83,8,88,10,61,9,82,5,65,5,79,6,70,9,92,8,83,5,88,5,71,7,86,5
P45,2,994,6,80,10,52,5,68,10,69,7,95,6,90,6,57,10,50,8,83,8,64,9,57,9,65,7,75,7,59,10,85,10,78,8,72,7,76,5,58,5
P46,3,45,8,72,6,84,10,96,8,82,5,52,10,100,9,76,8,55,9,56,8,51,7,60,8,68,5,99,9
P47,2,376,9,71,8,58,6,66,9,52,6,98,8,54,7,99,5,84,5,89,9,74,9,94,7,57,5,75,5,71,5,83,5,67,8,76,8
P48,1,18,9,65,8,95,8,99,5,75,7,100,10,83,6,93,10,91,5,66,5,94,5,82,8
P49,3,93,9,84,8,61,7,86,10,59,10,67,6,54,9,61,6,83,5,77,8,97,8,55,8,76,5,83,9,91,6,87,10,92,6,65,10,94,9,90,5,64,7
P50,3,946,10,72,9,53,6,98,7,97,7,56,10,75,9,94,8,74,7,97,9,53,10,79,9,65,10,59,8,92,6
